<!DOCTYPE html>
<html lang="en">
<head>
<meta charset="utf-8" />
<meta name="viewport" content="width=device-width, initial-scale=1" />
<title>Similarity Table</title>
<style>
  :root {
    --cell-pad: 6px;
    --header-bg: #f8fafc;
    --header-txt: #222;
    --grid-color: #e6eaf2;
    --hover-border: #111;
    --font: system-ui, -apple-system, Segoe UI, Roboto, Helvetica, Arial, "Apple Color Emoji","Segoe UI Emoji";
    --col-w: 120px;
    --rowhdr-w: 220px;
    --panel-w: 420px;
  }
  body { margin: 0; padding: 0; font-family: var(--font); color: #1a1a1a; background: #fff; }
  header {
    position: sticky; top: 0; z-index: 4; background: white;
    padding: 12px 16px; border-bottom: 1px solid var(--grid-color);
    display: grid; gap: 8px;
  }
  header h1 { margin: 0; font-size: 18px; font-weight: 650; }
  header .meta { font-size: 12px; color: #666; }
  .controls { display: flex; gap: 10px; align-items: center; flex-wrap: wrap; }
  input[type="search"], select, input[type="range"] {
    font: inherit; padding: 8px 10px; border: 1px solid var(--grid-color);
    border-radius: 8px; outline: none;
  }
  input[type="search"] { min-width: 260px; }
  .legend { margin-left: auto; display: flex; align-items: center; gap: 8px; font-size: 12px; color: #555; }
  .legend-bar {
    width: 180px; height: 10px; border-radius: 4px;
    background: linear-gradient(to right,
      #ffffff 0%,
      #fff3b0 20%,
      #ffb482 40%,
      #ff6ad5 60%,
      #6a9cfc 80%,
      #4bd1a0 100%);
    border: 1px solid #dfe6f5;
  }

  .wrap {
    display: grid;
    grid-template-columns: 1fr var(--panel-w);
    gap: 0;
  }
  .container { height: calc(100vh - 120px); overflow: auto; }
  .panel {
    border-left: 1px solid var(--grid-color);
    height: calc(100vh - 120px);
    position: sticky; top: 120px;
    padding: 12px;
    overflow: auto;
    background: #fafbff;
  }
  .panel h3 { margin: 4px 0 8px; font-size: 14px; }
  .panel .muted { color: #666; font-size: 12px; }
  .pill {
    display: inline-block; background: #eef2ff; color: #1e40af; border: 1px solid #dbe5ff;
    padding: 2px 6px; margin: 2px; border-radius: 999px; font-size: 12px;
  }
  .pair { margin: 6px 0; padding: 6px 8px; background: #fff; border: 1px solid #e6eaf2; border-radius: 8px; }
  .pair .s { font-weight: 600; color: #0f5132; font-size: 12px; }

  table { border-collapse: separate; border-spacing: 0; font-size: 12px; }
  th, td {
    border: 1px solid var(--grid-color);
    padding: var(--cell-pad);
    transition: filter 80ms ease-out, box-shadow 80ms ease-out, border-color 80ms ease-out, opacity 80ms ease-out;
    vertical-align: middle;
  }

  /* Column headers (top row) */
  thead th.colhdr {
    width: var(--col-w); min-width: var(--col-w); max-width: var(--col-w);
    text-align: center; white-space: normal; word-break: break-word; overflow-wrap: anywhere; hyphens: auto;
  }

  /* Data cells */
  tbody td {
    width: var(--col-w); min-width: var(--col-w); max-width: var(--col-w);
    text-align: right; white-space: normal; word-break: break-word; overflow-wrap: anywhere; hyphens: auto;
  }

  /* Sticky headers */
  thead th { position: sticky; top: 0; background: var(--header-bg); color: var(--header-txt); z-index: 2; font-weight: 600; }
  tbody th { position: sticky; left: 0; z-index: 1; background: var(--header-bg); text-align: left;
    width: var(--rowhdr-w); min-width: var(--rowhdr-w); max-width: var(--rowhdr-w);
    white-space: normal; word-break: break-word; overflow-wrap: anywhere; hyphens: auto; }
  thead th.corner { left: 0; z-index: 3; width: var(--rowhdr-w); min-width: var(--rowhdr-w); max-width: var(--rowhdr-w); }

  /* Hover emphasis */
  td.hovered, th.hovered { filter: brightness(1.12); border-color: var(--hover-border); box-shadow: inset 0 0 0 2px var(--hover-border); }
  td.diag { font-weight: 600; color: #0f5132; }

  .tip {
    position: fixed; pointer-events: none; background: rgba(20,20,20,0.92); color: #fff;
    padding: 6px 8px; font-size: 12px; border-radius: 6px; transform: translate(-50%, calc(-100% - 8px));
    z-index: 1000; opacity: 0; transition: opacity 80ms ease-out; white-space: nowrap;
  }

  .small { font-size: 12px; color: #555; }
  .range-wrap { display: inline-flex; align-items: center; gap: 8px; }
  .range-wrap input[type="range"] { width: 180px; padding: 0; border-radius: 6px; }
  .mode-wrap { display: inline-flex; align-items: center; gap: 6px; }
</style>
</head>
<body>
<header>
  <h1>Similarity Table</h1>
  <div class="controls">
    <input id="filter" type="search" placeholder="Filter (regex or substring)..." />
    <select id="mode" title="Filter mode">
      <option value="rows">Filter rows only</option>
      <option value="cols">Filter columns only</option>
    </select>
    <div class="range-wrap" title="Hide or dim values below threshold">
      <span class="small">Threshold:</span>
      <input id="thresh" type="range" min="0" max="1" step="0.01" value="0.00" />
      <span id="threshVal" class="small">0.00</span>
      <span class="mode-wrap small"><label><input id="hideBelow" type="checkbox" /> Hide below</label></span>
    </div>
    <div class="legend">
      <span>Similarity</span>
      <div class="legend-bar"></div>
      <span>low</span><span>→</span><span>high</span>
    </div>
  </div>
  <div class="meta" id="meta"></div>
</header>

<div class="wrap">
  <div class="container">
    <table id="sim">
      <thead id="thead"></thead>
      <tbody id="tbody"></tbody>
    </table>
  </div>
  <aside class="panel" id="panel">
    <div class="muted">Click a cell to see explanations here.</div>
  </aside>
</div>

<div class="tip" id="tip"></div>

<script>
  const NAMES = ["Aaron Ding", "Al Amjad Tawfiq Isstaif", "Alexandre da Silva Veith", "Alhassan Abdelhalim", "Anton Semjonov", "Antonios Iosifidis", "Aslak Johansen", "Bart Siniarski", "Christian Becker", "Cilia Baanstra", "Demetris Trihinas", "Dewant Katare", "Erkki Harjula", "Fatemeh Marzani", "Feras M. Awaysheh", "Georgios Bouloukakis", "Gerald Kämmerer", "Gerhard Fohler", "Huber Flores", "Ingmar Poese", "Janick Edinger", "Kathleen West", "Kazi Rahman", "Laura Harms", "Lauri Loven", "Lauritz Thamsen", "Lennart Bengtson", "Malte Josten", "Marcus Venzke", "Martin Andraud", "Mathias Fischer", "Melanie Heck", "Michael Schramm", "Michell Boerger", "Mostafa Haghi", "Narcisa Guran", "Nikolay Tcholtchev", "Nisal Hemadasa", "Peter Zdankin", "Philipp Kisters", "Poonam Yadav", "Rene Lehmann", "Reza Farahani", "Reza Sabzevari", "Roberto Morabito", "Sani Abdullahi", "Simone Nicosanti", "Stefan Fischer", "Stefan Petrescu", "Stefan Schulte", "Stephan Sigg", "Sudaksh Kalra", "Torben Weis", "Ulf Kulau", "Valeria Cardellini", "Volker Hilt", "Winfried Lamersdorf"];      // display names
  const MATRIX = [[1.0, 0.57247305, 0.7540883, 0.5646496, 0.6598108, 0.6385511, 0.7263117, 0.84172046, 0.8842443, 0.4820992, 0.84604746, 0.8612642, 0.92924154, 0.5847988, 0.84699273, 0.8976524, 0.5136147, 0.7126522, 0.8875448, 0.7572204, 0.89415103, 0.40375727, 0.5119274, 0.68755424, 0.94509566, 0.78867006, 0.71082413, 0.634094, 0.7954887, 0.6621798, 0.88013196, 0.76885056, 0.6447438, 0.8406652, 0.63500404, 0.5630328, 0.88759273, 0.72224474, 0.734965, 0.71951663, 0.93123657, 0.6533235, 0.65841293, 0.6587884, 0.92981416, 0.68229544, 0.65687704, 0.8917289, 0.60835266, 0.8342514, 0.81372786, 0.6756935, 0.8780432, 0.7231456, 0.7694012, 0.82043767, 0.7956697], [0.57247305, 1.0, 0.689656, 0.3588845, 0.6135688, 0.2688828, 0.49281055, 0.55842125, 0.6801671, 0.2804402, 0.64777386, 0.5189725, 0.63661253, 0.21687187, 0.6360905, 0.6099467, 0.3367946, 0.7799932, 0.5387901, 0.5097592, 0.66352093, 0.41768587, 0.38021797, 0.58356285, 0.5643153, 0.73886186, 0.40087616, 0.3235926, 0.5689518, 0.53559875, 0.66487956, 0.42647332, 0.5263612, 0.5284138, 0.31104678, 0.5034783, 0.6137507, 0.51921105, 0.51218367, 0.35985333, 0.6236222, 0.5154201, 0.56832606, 0.34203914, 0.61406016, 0.39682627, 0.34010088, 0.62460697, 0.5684625, 0.71523154, 0.4695119, 0.26248503, 0.6657499, 0.49474233, 0.79852915, 0.69359285, 0.6450782], [0.7540883, 0.689656, 1.0, 0.5384256, 0.6628883, 0.43168348, 0.6276156, 0.64468503, 0.77496564, 0.3736692, 0.80855674, 0.7507, 0.7697761, 0.35064733, 0.80072343, 0.718165, 0.49535972, 0.73502064, 0.7123185, 0.70381135, 0.78984076, 0.45941547, 0.5411158, 0.63828516, 0.76224494, 0.87761796, 0.6096481, 0.41056216, 0.7094358, 0.60158414, 0.7524508, 0.5662728, 0.74101424, 0.6053993, 0.41607326, 0.60980254, 0.76812005, 0.6517786, 0.5965029, 0.5918108, 0.7252804, 0.5994867, 0.75593114, 0.5904363, 0.7750994, 0.53385496, 0.58302903, 0.75363404, 0.6434861, 0.8171073, 0.5845057, 0.56651276, 0.7537602, 0.6325512, 0.8657743, 0.8151287, 0.72175086], [0.5646496, 0.3588845, 0.5384256, 1.0, 0.4237327, 0.45295617, 0.5895401, 0.534474, 0.62212104, 0.31710148, 0.60818243, 0.5650315, 0.46504006, 0.41029555, 0.6712561, 0.51040184, 0.48571825, 0.48362488, 0.5986612, 0.45727745, 0.6254953, 0.41587466, 0.3950417, 0.42967975, 0.6517364, 0.60427415, 0.58885646, 0.541561, 0.55687636, 0.49511114, 0.5494177, 0.5655744, 0.56098497, 0.5038837, 0.3986979, 0.41114736, 0.60244656, 0.6548432, 0.50113845, 0.45733142, 0.54550254, 0.55792606, 0.42574292, 0.5975648, 0.5828754, 0.5501419, 0.5360761, 0.5724236, 0.54311144, 0.55035853, 0.5642907, 0.5055921, 0.6254233, 0.49608, 0.5178499, 0.46750724, 0.58853745], [0.6598108, 0.6135688, 0.6628883, 0.4237327, 1.0, 0.30802357, 0.5539868, 0.56059134, 0.70331776, 0.35258752, 0.63876307, 0.5588168, 0.66731405, 0.34816468, 0.623991, 0.63722646, 0.3873967, 0.6303593, 0.6370703, 0.53461754, 0.75450075, 0.488274, 0.3291179, 0.44525206, 0.65711737, 0.6992214, 0.43047923, 0.37063998, 0.57737803, 0.49222228, 0.66658115, 0.5189874, 0.6314496, 0.5057108, 0.2975609, 0.54987407, 0.6411479, 0.58621365, 0.5303433, 0.40034875, 0.6462221, 0.45903796, 0.6271115, 0.40915602, 0.6705736, 0.4878106, 0.45690563, 0.6653152, 0.56529486, 0.7155454, 0.47805968, 0.44236213, 0.70223904, 0.4280552, 0.74972916, 0.6928214, 0.6722273], [0.6385511, 0.2688828, 0.43168348, 0.45295617, 0.30802357, 1.0, 0.4759683, 0.55242765, 0.58416605, 0.42554066, 0.53531355, 0.6279348, 0.516127, 0.44969916, 0.6176405, 0.5453589, 0.54993236, 0.47801438, 0.5857328, 0.53697383, 0.5943072, 0.24525195, 0.29345578, 0.46734068, 0.64924467, 0.5130159, 0.6370868, 0.42942488, 0.5561394, 0.4727316, 0.5273208, 0.47548884, 0.43110552, 0.5958004, 0.46891034, 0.40006936, 0.6269175, 0.6051395, 0.6030847, 0.58603406, 0.59372765, 0.45156997, 0.38802922, 0.57481825, 0.5933583, 0.42409372, 0.6069859, 0.58403754, 0.40813887, 0.52469075, 0.5430125, 0.50025785, 0.6136849, 0.46611714, 0.4460799, 0.4722619, 0.5249833], [0.7263117, 0.49281055, 0.6276156, 0.5895401, 0.5539868, 0.4759683, 1.0, 0.65082, 0.7631211, 0.42406476, 0.70030093, 0.6734258, 0.6932752, 0.45380622, 0.72131944, 0.75013036, 0.52174854, 0.6463133, 0.7532506, 0.5363399, 0.7609298, 0.5488101, 0.44256243, 0.4897628, 0.7225057, 0.74601865, 0.6095261, 0.5064838, 0.7572928, 0.5769001, 0.66822016, 0.6213993, 0.57793826, 0.6979114, 0.6278285, 0.5080695, 0.77395666, 0.6811198, 0.760943, 0.64590275, 0.72650564, 0.5716449, 0.48847914, 0.57362044, 0.67821896, 0.54343516, 0.50105333, 0.72630954, 0.51555383, 0.7153313, 0.64841294, 0.44182664, 0.78616005, 0.64837086, 0.66409934, 0.6193304, 0.72316766], [0.84172046, 0.55842125, 0.64468503, 0.534474, 0.56059134, 0.55242765, 0.65082, 0.9999999, 0.7959075, 0.41871598, 0.7412809, 0.7050077, 0.82714725, 0.59184664, 0.84669065, 0.7616172, 0.47281632, 0.6628336, 0.7580937, 0.7050587, 0.74000347, 0.32999015, 0.52584887, 0.6638792, 0.84564507, 0.7202004, 0.6701666, 0.63697445, 0.695607, 0.6324947, 0.88610184, 0.63250744, 0.5799592, 0.7837454, 0.54919565, 0.5322007, 0.8503684, 0.6944822, 0.70029825, 0.697176, 0.8528376, 0.65352297, 0.59268486, 0.56150854, 0.7880645, 0.70257455, 0.5510593, 0.81974775, 0.5827136, 0.73721635, 0.75301427, 0.5420487, 0.8397606, 0.67302775, 0.704685, 0.7470477, 0.69451547], [0.8842443, 0.6801671, 0.77496564, 0.62212104, 0.70331776, 0.58416605, 0.7631211, 0.7959075, 0.9999999, 0.573732, 0.8157318, 0.763297, 0.8657868, 0.50410104, 0.8341813, 0.8745593, 0.56657463, 0.82576513, 0.85627985, 0.72620106, 0.919124, 0.4975269, 0.4651817, 0.70288754, 0.8809478, 0.85299957, 0.6630233, 0.6270126, 0.8098383, 0.694853, 0.8639039, 0.77568394, 0.7348052, 0.7730988, 0.5794349, 0.6597718, 0.89110494, 0.7594925, 0.7364937, 0.64731824, 0.86061627, 0.6899599, 0.674147, 0.6435565, 0.8742347, 0.6176852, 0.68257946, 0.9033332, 0.6998793, 0.86370146, 0.7850794, 0.5963099, 0.9592911, 0.693378, 0.85428935, 0.85671055, 0.90672827], [0.4820992, 0.2804402, 0.3736692, 0.31710148, 0.35258752, 0.42554066, 0.42406476, 0.41871598, 0.573732, 0.9999999, 0.40890577, 0.29621604, 0.4769734, 0.1480217, 0.42657256, 0.47990245, 0.6883249, 0.46118152, 0.4691859, 0.39685827, 0.45242053, 0.32662624, 0.19045667, 0.39665794, 0.46069548, 0.42932168, 0.28508088, 0.4175139, 0.50659513, 0.40056008, 0.4176501, 0.33818567, 0.39041132, 0.47720087, 0.32977533, 0.5268528, 0.5380255, 0.39059466, 0.4210701, 0.30642608, 0.4883615, 0.4231565, 0.2960354, 0.28403932, 0.46964926, 0.2037028, 0.5457809, 0.5696068, 0.46483338, 0.5395105, 0.37800223, 0.28595966, 0.55022097, 0.41866368, 0.43833232, 0.48884648, 0.65799654], [0.84604746, 0.64777386, 0.80855674, 0.60818243, 0.63876307, 0.53531355, 0.70030093, 0.7412809, 0.8157318, 0.40890577, 1.0, 0.8221468, 0.826342, 0.45258164, 0.85814977, 0.80869025, 0.53001773, 0.7401752, 0.86083126, 0.7006391, 0.8357018, 0.50491273, 0.5383974, 0.61266875, 0.8562937, 0.85548306, 0.6651906, 0.57232195, 0.796422, 0.62827396, 0.7859585, 0.6860836, 0.6903459, 0.7966373, 0.56448627, 0.5781615, 0.832555, 0.703238, 0.6636777, 0.6443193, 0.82523835, 0.66062915, 0.6762206, 0.6267396, 0.8507649, 0.5834816, 0.63086784, 0.8039398, 0.629488, 0.88694286, 0.6799946, 0.60047644, 0.8181834, 0.68474704, 0.8477688, 0.7922513, 0.77124125], [0.8612642, 0.5189725, 0.7507, 0.5650315, 0.5588168, 0.6279348, 0.6734258, 0.7050077, 0.763297, 0.29621604, 0.8221468, 0.9999999, 0.7884328, 0.46240658, 0.78808725, 0.7529197, 0.46944135, 0.69322777, 0.79790354, 0.60908467, 0.832958, 0.37230018, 0.5676659, 0.56701654, 0.8553191, 0.7514725, 0.7086463, 0.4839248, 0.7533586, 0.7161095, 0.7544141, 0.7123214, 0.6612704, 0.76097697, 0.6499434, 0.53129244, 0.778442, 0.6930268, 0.70378757, 0.6179788, 0.78065, 0.5970849, 0.64808035, 0.7767656, 0.8159969, 0.6268187, 0.66301197, 0.7300477, 0.5384301, 0.7125756, 0.71175253, 0.7352084, 0.7621186, 0.7103502, 0.71534777, 0.6605091, 0.6363356], [0.92924154, 0.63661253, 0.7697761, 0.46504006, 0.66731405, 0.516127, 0.6932752, 0.82714725, 0.8657868, 0.4769734, 0.826342, 0.7884328, 1.0, 0.5326628, 0.8071621, 0.90603805, 0.47185838, 0.73555136, 0.8549942, 0.73842794, 0.844089, 0.3856397, 0.48058018, 0.69078064, 0.8714644, 0.80644304, 0.6378355, 0.5612833, 0.8077692, 0.64537317, 0.88858294, 0.6854297, 0.6665859, 0.7993897, 0.60584426, 0.55436355, 0.8745594, 0.68417674, 0.6888624, 0.7082709, 0.92159235, 0.62299156, 0.717942, 0.5867181, 0.91854405, 0.61306906, 0.57248545, 0.90435493, 0.60980797, 0.83393, 0.7686584, 0.56553376, 0.86261475, 0.7183371, 0.81731284, 0.8783376, 0.7848427], [0.5847988, 0.21687187, 0.35064733, 0.41029555, 0.34816468, 0.44969916, 0.45380622, 0.59184664, 0.50410104, 0.1480217, 0.45258164, 0.46240658, 0.5326628, 1.0, 0.5910558, 0.5196538, 0.24453875, 0.32217908, 0.6349561, 0.43839365, 0.55467856, 0.110194586, 0.27921367, 0.30238146, 0.561211, 0.44444484, 0.6089233, 0.5359224, 0.4351704, 0.3502981, 0.5796466, 0.56865036, 0.3463629, 0.55586576, 0.44984782, 0.25331247, 0.55428255, 0.5033431, 0.47501218, 0.6306609, 0.5873285, 0.41749078, 0.29269117, 0.4471947, 0.4766227, 0.7483898, 0.34944433, 0.5159912, 0.32215434, 0.43503466, 0.62951297, 0.3498823, 0.54540455, 0.38546133, 0.34792146, 0.3938911, 0.41274214], [0.84699273, 0.6360905, 0.80072343, 0.6712561, 0.623991, 0.6176405, 0.72131944, 0.84669065, 0.8341813, 0.42657256, 0.85814977, 0.78808725, 0.8071621, 0.5910558, 0.9999999, 0.78174263, 0.5817363, 0.704269, 0.81795824, 0.7098427, 0.8205968, 0.4917435, 0.56244016, 0.60962903, 0.88291746, 0.8654468, 0.7614918, 0.63096714, 0.76358926, 0.6626946, 0.8313695, 0.6763191, 0.6832681, 0.7895417, 0.5576098, 0.60803795, 0.8718964, 0.79819435, 0.7158859, 0.6938243, 0.8479413, 0.716249, 0.66376483, 0.6814618, 0.832782, 0.7346729, 0.6357969, 0.82265764, 0.67196536, 0.8533436, 0.73203707, 0.6233221, 0.8491109, 0.6912619, 0.80825233, 0.7659826, 0.7822368], [0.8976524, 0.6099467, 0.718165, 0.51040184, 0.63722646, 0.5453589, 0.75013036, 0.7616172, 0.8745593, 0.47990245, 0.80869025, 0.7529197, 0.90603805, 0.5196538, 0.78174263, 1.0, 0.4623945, 0.75757813, 0.8301747, 0.70244944, 0.8572847, 0.39093256, 0.45753735, 0.67260706, 0.8582007, 0.81451684, 0.6427757, 0.57236874, 0.80875456, 0.6324798, 0.8216274, 0.69504166, 0.6390523, 0.80955267, 0.6126823, 0.54751945, 0.8704901, 0.6972805, 0.7146443, 0.73223764, 0.90871, 0.6150578, 0.6386784, 0.5753798, 0.890321, 0.5894886, 0.5495424, 0.8872987, 0.6135218, 0.8304246, 0.7471644, 0.5005033, 0.86390793, 0.6885648, 0.7711569, 0.8235923, 0.79437697], [0.5136147, 0.3367946, 0.49535972, 0.48571825, 0.3873967, 0.54993236, 0.52174854, 0.47281632, 0.56657463, 0.6883249, 0.53001773, 0.46944135, 0.47185838, 0.24453875, 0.5817363, 0.4623945, 1.0, 0.48747283, 0.55892813, 0.4185718, 0.5254354, 0.48372275, 0.39048266, 0.44493565, 0.5519701, 0.55323553, 0.445108, 0.4519453, 0.58802426, 0.5715235, 0.4504232, 0.38776422, 0.41288298, 0.49264008, 0.4111708, 0.5417388, 0.57175386, 0.57093877, 0.48029634, 0.3458104, 0.51496243, 0.5011221, 0.37747362, 0.53570426, 0.54309535, 0.36446637, 0.6337483, 0.57429254, 0.54236734, 0.5535619, 0.44555387, 0.4836166, 0.5765842, 0.54150116, 0.47278494, 0.44240493, 0.5971298], [0.7126522, 0.7799932, 0.73502064, 0.48362488, 0.6303593, 0.47801438, 0.6463133, 0.6628336, 0.82576513, 0.46118152, 0.7401752, 0.69322777, 0.73555136, 0.32217908, 0.704269, 0.75757813, 0.48747283, 1.0, 0.6860782, 0.59736407, 0.8305799, 0.44799685, 0.48880348, 0.7286769, 0.7187718, 0.8289784, 0.56924325, 0.40382653, 0.76752615, 0.71248263, 0.7575495, 0.5800419, 0.6950113, 0.68108845, 0.50810194, 0.5833156, 0.7606083, 0.6875752, 0.64217395, 0.514477, 0.74236387, 0.60430276, 0.6348342, 0.53575903, 0.73178536, 0.46520203, 0.5171187, 0.76204336, 0.61733186, 0.79173464, 0.64482677, 0.45118898, 0.81076276, 0.6634349, 0.81974304, 0.78067744, 0.75561225], [0.8875448, 0.5387901, 0.7123185, 0.5986612, 0.6370703, 0.5857328, 0.7532506, 0.7580937, 0.85627985, 0.4691859, 0.86083126, 0.79790354, 0.8549942, 0.6349561, 0.81795824, 0.8301747, 0.55892813, 0.6860782, 1.0, 0.6926559, 0.88436043, 0.50785196, 0.51479, 0.6139237, 0.87709963, 0.81714463, 0.72384536, 0.656542, 0.80919445, 0.6501884, 0.81446624, 0.78672725, 0.65670455, 0.8338278, 0.712393, 0.53376204, 0.847507, 0.725665, 0.75808644, 0.76046443, 0.8630123, 0.62606394, 0.6305198, 0.68466127, 0.832265, 0.6696054, 0.6426599, 0.8452569, 0.5710634, 0.7919849, 0.81568813, 0.57632124, 0.8465656, 0.72155774, 0.7254311, 0.7498789, 0.7677305], [0.7572204, 0.5097592, 0.70381135, 0.45727745, 0.53461754, 0.53697383, 0.5363399, 0.7050587, 0.72620106, 0.39685827, 0.7006391, 0.60908467, 0.73842794, 0.43839365, 0.7098427, 0.70244944, 0.4185718, 0.59736407, 0.6926559, 1.0, 0.69167006, 0.36158204, 0.5699797, 0.7059572, 0.7240705, 0.71540743, 0.61429834, 0.5530002, 0.6637309, 0.5420512, 0.8020884, 0.5719179, 0.52991563, 0.6417026, 0.49742424, 0.3927132, 0.7411468, 0.6025677, 0.5903721, 0.7009462, 0.76777506, 0.5177661, 0.69672203, 0.5088496, 0.7186446, 0.5771599, 0.44494486, 0.78329754, 0.5407856, 0.72593427, 0.6689303, 0.3984541, 0.74319506, 0.6422174, 0.70484746, 0.8362252, 0.66544366], [0.89415103, 0.66352093, 0.78984076, 0.6254953, 0.75450075, 0.5943072, 0.7609298, 0.74000347, 0.919124, 0.45242053, 0.8357018, 0.832958, 0.844089, 0.55467856, 0.8205968, 0.8572847, 0.5254354, 0.8305799, 0.88436043, 0.69167006, 0.9999999, 0.50694174, 0.49371183, 0.64492387, 0.8901865, 0.8677813, 0.735347, 0.5963726, 0.7994316, 0.6728362, 0.8275414, 0.8291148, 0.7388195, 0.75302243, 0.62431645, 0.5781153, 0.82784873, 0.7894014, 0.7363341, 0.68409246, 0.8377346, 0.6373651, 0.6923038, 0.7123714, 0.85369515, 0.6356195, 0.6351826, 0.84632945, 0.64121294, 0.84607744, 0.7873906, 0.63445705, 0.88769674, 0.6684027, 0.82416785, 0.8101003, 0.8173175], [0.40375727, 0.41768587, 0.45941547, 0.41587466, 0.488274, 0.24525195, 0.5488101, 0.32999015, 0.4975269, 0.32662624, 0.50491273, 0.37230018, 0.3856397, 0.110194586, 0.4917435, 0.39093256, 0.48372275, 0.44799685, 0.50785196, 0.36158204, 0.50694174, 0.9999999, 0.30333295, 0.29523078, 0.46504176, 0.63106227, 0.27902845, 0.35497797, 0.50441456, 0.38135743, 0.3849773, 0.3606723, 0.39335966, 0.39602238, 0.3128596, 0.34519306, 0.48507452, 0.48840362, 0.4308222, 0.29821908, 0.43043724, 0.4015072, 0.37020767, 0.32163823, 0.45507532, 0.23599997, 0.34754568, 0.47265655, 0.40233472, 0.5196236, 0.29621768, 0.26754227, 0.4682745, 0.39551955, 0.47695518, 0.37918133, 0.5261532], [0.5119274, 0.38021797, 0.5411158, 0.3950417, 0.3291179, 0.29345578, 0.44256243, 0.52584887, 0.4651817, 0.19045667, 0.5383974, 0.5676659, 0.48058018, 0.27921367, 0.56244016, 0.45753735, 0.39048266, 0.48880348, 0.51479, 0.5699797, 0.49371183, 0.30333295, 1.0, 0.5564548, 0.49291354, 0.5241333, 0.5126211, 0.42258468, 0.51912737, 0.6861998, 0.58068055, 0.4141599, 0.36768746, 0.4578873, 0.56030667, 0.3135662, 0.5204135, 0.50195986, 0.48403174, 0.46163356, 0.5506762, 0.46685505, 0.5075978, 0.5776597, 0.4613154, 0.5277866, 0.27948058, 0.5383339, 0.40051892, 0.45088553, 0.6078718, 0.35095182, 0.5120458, 0.8049554, 0.48353872, 0.46160513, 0.33681965], [0.68755424, 0.58356285, 0.63828516, 0.42967975, 0.44525206, 0.46734068, 0.4897628, 0.6638792, 0.70288754, 0.39665794, 0.61266875, 0.56701654, 0.69078064, 0.30238146, 0.60962903, 0.67260706, 0.44493565, 0.7286769, 0.6139237, 0.7059572, 0.64492387, 0.29523078, 0.5564548, 1.0, 0.6610209, 0.66440326, 0.54519236, 0.47525585, 0.6832035, 0.6570656, 0.7423352, 0.50853056, 0.53334004, 0.56309474, 0.4976005, 0.37123498, 0.6855993, 0.6002524, 0.547015, 0.5381632, 0.7394753, 0.53024185, 0.59593105, 0.45671988, 0.6805001, 0.48973718, 0.43968907, 0.77303994, 0.5383182, 0.6171298, 0.71257657, 0.36938328, 0.6951542, 0.7370075, 0.63082904, 0.75891113, 0.6112023], [0.94509566, 0.5643153, 0.76224494, 0.6517364, 0.65711737, 0.64924467, 0.7225057, 0.84564507, 0.8809478, 0.46069548, 0.8562937, 0.8553191, 0.8714644, 0.561211, 0.88291746, 0.8582007, 0.5519701, 0.7187718, 0.87709963, 0.7240705, 0.8901865, 0.46504176, 0.49291354, 0.6610209, 0.99999994, 0.8262011, 0.71035767, 0.6641247, 0.79003334, 0.68286467, 0.8515904, 0.7607282, 0.70953345, 0.8367123, 0.59350073, 0.55197334, 0.8924111, 0.7829277, 0.740885, 0.7099774, 0.893674, 0.64491093, 0.6451101, 0.6966917, 0.9171866, 0.67594165, 0.71874267, 0.86571133, 0.634219, 0.83111113, 0.77695984, 0.7234049, 0.8672651, 0.69392693, 0.76994514, 0.7864109, 0.79642785], [0.78867006, 0.73886186, 0.87761796, 0.60427415, 0.6992214, 0.5130159, 0.74601865, 0.7202004, 0.85299957, 0.42932168, 0.85548306, 0.7514725, 0.80644304, 0.44444484, 0.8654468, 0.81451684, 0.55323553, 0.8289784, 0.81714463, 0.71540743, 0.8677813, 0.63106227, 0.5241333, 0.66440326, 0.8262011, 1.0, 0.69130075, 0.49184552, 0.8199264, 0.650373, 0.79868066, 0.62612677, 0.75244725, 0.7275665, 0.52270806, 0.60706615, 0.85060227, 0.76826656, 0.69244534, 0.68739885, 0.81546867, 0.66178095, 0.7315439, 0.6172076, 0.81790626, 0.573477, 0.6141423, 0.8322977, 0.6415861, 0.8671022, 0.67215455, 0.5096688, 0.8269425, 0.67671496, 0.88382924, 0.8322035, 0.81079286], [0.71082413, 0.40087616, 0.6096481, 0.58885646, 0.43047923, 0.6370868, 0.6095261, 0.6701666, 0.6630233, 0.28508088, 0.6651906, 0.7086463, 0.6378355, 0.6089233, 0.7614918, 0.6427757, 0.445108, 0.56924325, 0.72384536, 0.61429834, 0.735347, 0.27902845, 0.5126211, 0.54519236, 0.71035767, 0.69130075, 0.9999999, 0.50060654, 0.6872729, 0.5429792, 0.67328167, 0.65740395, 0.5067047, 0.62959003, 0.5993389, 0.4399591, 0.6659155, 0.73017436, 0.5752665, 0.67692894, 0.67940557, 0.5763626, 0.5167955, 0.698875, 0.64935625, 0.655861, 0.5044569, 0.68370914, 0.51778764, 0.6305015, 0.757802, 0.5102613, 0.6789658, 0.6156734, 0.5920259, 0.61377454, 0.57245576], [0.634094, 0.3235926, 0.41056216, 0.541561, 0.37063998, 0.42942488, 0.5064838, 0.63697445, 0.6270126, 0.4175139, 0.57232195, 0.4839248, 0.5612833, 0.5359224, 0.63096714, 0.57236874, 0.4519453, 0.40382653, 0.656542, 0.5530002, 0.5963726, 0.35497797, 0.42258468, 0.47525585, 0.6641247, 0.49184552, 0.50060654, 1.0, 0.51758224, 0.48433536, 0.6560508, 0.67108613, 0.3540843, 0.6075258, 0.5331655, 0.31388643, 0.618489, 0.5601739, 0.57221335, 0.5676372, 0.63479346, 0.5775014, 0.3475008, 0.46831834, 0.5573245, 0.6043433, 0.4034097, 0.6189417, 0.4739121, 0.53503144, 0.6120142, 0.38635927, 0.6532529, 0.5344682, 0.4414947, 0.49156988, 0.5631262], [0.7954887, 0.5689518, 0.7094358, 0.55687636, 0.57737803, 0.5561394, 0.7572928, 0.695607, 0.8098383, 0.50659513, 0.796422, 0.7533586, 0.8077692, 0.4351704, 0.76358926, 0.80875456, 0.58802426, 0.76752615, 0.80919445, 0.6637309, 0.7994316, 0.50441456, 0.51912737, 0.6832035, 0.79003334, 0.8199264, 0.6872729, 0.51758224, 1.0, 0.709131, 0.7565897, 0.6275388, 0.6406027, 0.7773682, 0.6554996, 0.50242627, 0.8339124, 0.7630019, 0.6568837, 0.6512901, 0.83624494, 0.65207124, 0.5984764, 0.6307589, 0.80945873, 0.53207874, 0.5822562, 0.8634313, 0.57001376, 0.79554164, 0.7414558, 0.46976486, 0.8102739, 0.7830968, 0.7801703, 0.77347016, 0.7925118], [0.6621798, 0.53559875, 0.60158414, 0.49511114, 0.49222228, 0.4727316, 0.5769001, 0.6324947, 0.694853, 0.40056008, 0.62827396, 0.7161095, 0.64537317, 0.3502981, 0.6626946, 0.6324798, 0.5715235, 0.71248263, 0.6501884, 0.5420512, 0.6728362, 0.38135743, 0.6861998, 0.6570656, 0.68286467, 0.650373, 0.5429792, 0.48433536, 0.709131, 1.0, 0.7018347, 0.5796101, 0.59562075, 0.6458192, 0.6276575, 0.46508902, 0.70379746, 0.66469735, 0.641093, 0.43527585, 0.70522666, 0.5476757, 0.5719898, 0.6730828, 0.6946677, 0.6091709, 0.502419, 0.7108359, 0.5760031, 0.5975417, 0.7088042, 0.49941555, 0.7177079, 0.813552, 0.6163088, 0.5802102, 0.5601583], [0.88013196, 0.66487956, 0.7524508, 0.5494177, 0.66658115, 0.5273208, 0.66822016, 0.88610184, 0.8639039, 0.4176501, 0.7859585, 0.7544141, 0.88858294, 0.5796466, 0.8313695, 0.8216274, 0.4504232, 0.7575495, 0.81446624, 0.8020884, 0.8275414, 0.3849773, 0.58068055, 0.7423352, 0.8515904, 0.79868066, 0.67328167, 0.6560508, 0.7565897, 0.7018347, 1.0, 0.6811222, 0.645687, 0.79667664, 0.59362805, 0.5145289, 0.87777627, 0.7411276, 0.70990205, 0.73011935, 0.9128442, 0.6705207, 0.70252013, 0.6016581, 0.82565737, 0.7365056, 0.5344411, 0.8890625, 0.5975623, 0.79777527, 0.8029034, 0.5400453, 0.8916409, 0.7373872, 0.7930243, 0.8567981, 0.7447337], [0.76885056, 0.42647332, 0.5662728, 0.5655744, 0.5189874, 0.47548884, 0.6213993, 0.63250744, 0.77568394, 0.33818567, 0.6860836, 0.7123214, 0.6854297, 0.56865036, 0.6763191, 0.69504166, 0.38776422, 0.5800419, 0.78672725, 0.5719179, 0.8291148, 0.3606723, 0.4141599, 0.50853056, 0.7607282, 0.62612677, 0.65740395, 0.67108613, 0.6275388, 0.5796101, 0.6811222, 1.0, 0.56743777, 0.6248269, 0.63636965, 0.39714834, 0.63480663, 0.6636125, 0.67191035, 0.56519246, 0.68231624, 0.50315464, 0.5621218, 0.699842, 0.7007661, 0.6679117, 0.5215398, 0.6847714, 0.50448126, 0.6252141, 0.80023944, 0.5873486, 0.74521637, 0.5657965, 0.58959484, 0.630257, 0.6368263], [0.6447438, 0.5263612, 0.74101424, 0.56098497, 0.6314496, 0.43110552, 0.57793826, 0.5799592, 0.7348052, 0.39041132, 0.6903459, 0.6612704, 0.6665859, 0.3463629, 0.6832681, 0.6390523, 0.41288298, 0.6950113, 0.65670455, 0.52991563, 0.7388195, 0.39335966, 0.36768746, 0.53334004, 0.70953345, 0.75244725, 0.5067047, 0.3540843, 0.6406027, 0.59562075, 0.645687, 0.56743777, 1.0, 0.56795704, 0.39730677, 0.5228463, 0.700086, 0.6191131, 0.5744199, 0.48255223, 0.6289299, 0.47034177, 0.6193964, 0.5866875, 0.6794727, 0.4523332, 0.66237, 0.6799767, 0.5399728, 0.6888486, 0.5365058, 0.55774534, 0.69612324, 0.538962, 0.7305995, 0.6633096, 0.68518883], [0.8406652, 0.5284138, 0.6053993, 0.5038837, 0.5057108, 0.5958004, 0.6979114, 0.7837454, 0.7730988, 0.47720087, 0.7966373, 0.76097697, 0.7993897, 0.55586576, 0.7895417, 0.80955267, 0.49264008, 0.68108845, 0.8338278, 0.6417026, 0.75302243, 0.39602238, 0.4578873, 0.56309474, 0.8367123, 0.7275665, 0.62959003, 0.6075258, 0.7773682, 0.6458192, 0.79667664, 0.6248269, 0.56795704, 1.0, 0.6229135, 0.5039342, 0.8744101, 0.6227568, 0.7083593, 0.70975584, 0.8618323, 0.61135983, 0.5115345, 0.5790267, 0.8034961, 0.61702746, 0.5667771, 0.7845042, 0.5400466, 0.7835932, 0.6810852, 0.5301103, 0.78759277, 0.67398065, 0.6758189, 0.67633176, 0.7163779], [0.63500404, 0.31104678, 0.41607326, 0.3986979, 0.2975609, 0.46891034, 0.6278285, 0.54919565, 0.5794349, 0.32977533, 0.56448627, 0.6499434, 0.60584426, 0.44984782, 0.5576098, 0.6126823, 0.4111708, 0.50810194, 0.712393, 0.49742424, 0.62431645, 0.3128596, 0.56030667, 0.4976005, 0.59350073, 0.52270806, 0.5993389, 0.5331655, 0.6554996, 0.6276575, 0.59362805, 0.63636965, 0.39730677, 0.6229135, 1.0, 0.2839891, 0.5752804, 0.55778444, 0.6774744, 0.5823653, 0.6785556, 0.46921396, 0.39625403, 0.59299123, 0.5457788, 0.55379224, 0.40876898, 0.62713665, 0.33633503, 0.45330477, 0.7340168, 0.36840677, 0.6037937, 0.7626003, 0.3876281, 0.45594037, 0.43846118], [0.5630328, 0.5034783, 0.60980254, 0.41114736, 0.54987407, 0.40006936, 0.5080695, 0.5322007, 0.6597718, 0.5268528, 0.5781615, 0.53129244, 0.55436355, 0.25331247, 0.60803795, 0.54751945, 0.5417388, 0.5833156, 0.53376204, 0.3927132, 0.5781153, 0.34519306, 0.3135662, 0.37123498, 0.55197334, 0.60706615, 0.4399591, 0.31388643, 0.50242627, 0.46508902, 0.5145289, 0.39714834, 0.5228463, 0.5039342, 0.2839891, 1.0, 0.6001828, 0.49805304, 0.47741652, 0.3465714, 0.5240014, 0.55900395, 0.50639015, 0.39368027, 0.5968159, 0.3729297, 0.5423192, 0.5819392, 0.68760574, 0.6216187, 0.37873012, 0.50801075, 0.67271954, 0.41606635, 0.6483054, 0.55349314, 0.6777804], [0.88759273, 0.6137507, 0.76812005, 0.60244656, 0.6411479, 0.6269175, 0.77395666, 0.8503684, 0.89110494, 0.5380255, 0.832555, 0.778442, 0.8745594, 0.55428255, 0.8718964, 0.8704901, 0.57175386, 0.7606083, 0.847507, 0.7411468, 0.82784873, 0.48507452, 0.5204135, 0.6855993, 0.8924111, 0.85060227, 0.6659155, 0.618489, 0.8339124, 0.70379746, 0.87777627, 0.63480663, 0.700086, 0.8744101, 0.5752804, 0.6001828, 1.0, 0.73993313, 0.743513, 0.7591562, 0.91203487, 0.69962674, 0.6344615, 0.62304187, 0.8785826, 0.6470593, 0.64717877, 0.9140117, 0.6368568, 0.8637778, 0.7411363, 0.5621662, 0.9051368, 0.7431916, 0.8125278, 0.8117463, 0.8356317], [0.72224474, 0.51921105, 0.6517786, 0.6548432, 0.58621365, 0.6051395, 0.6811198, 0.6944822, 0.7594925, 0.39059466, 0.703238, 0.6930268, 0.68417674, 0.5033431, 0.79819435, 0.6972805, 0.57093877, 0.6875752, 0.725665, 0.6025677, 0.7894014, 0.48840362, 0.50195986, 0.6002524, 0.7829277, 0.76826656, 0.73017436, 0.5601739, 0.7630019, 0.66469735, 0.7411276, 0.6636125, 0.6191131, 0.6227568, 0.55778444, 0.49805304, 0.73993313, 1.0, 0.61972106, 0.59351957, 0.75118375, 0.6172644, 0.582829, 0.70210415, 0.74199384, 0.63471854, 0.5711405, 0.7756407, 0.5485019, 0.6887042, 0.7464338, 0.58290493, 0.7685069, 0.6751455, 0.67320466, 0.6669495, 0.6715876], [0.734965, 0.51218367, 0.5965029, 0.50113845, 0.5303433, 0.6030847, 0.760943, 0.70029825, 0.7364937, 0.4210701, 0.6636777, 0.70378757, 0.6888624, 0.47501218, 0.7158859, 0.7146443, 0.48029634, 0.64217395, 0.75808644, 0.5903721, 0.7363341, 0.4308222, 0.48403174, 0.547015, 0.740885, 0.69244534, 0.5752665, 0.57221335, 0.6568837, 0.641093, 0.70990205, 0.67191035, 0.5744199, 0.7083593, 0.6774744, 0.47741652, 0.743513, 0.61972106, 1.0, 0.6356139, 0.7429139, 0.51407206, 0.54496056, 0.5889562, 0.66366446, 0.5874481, 0.5311559, 0.6893658, 0.49208444, 0.63136804, 0.6610474, 0.41231328, 0.79118407, 0.66602993, 0.5917804, 0.5936272, 0.61126673], [0.71951663, 0.35985333, 0.5918108, 0.45733142, 0.40034875, 0.58603406, 0.64590275, 0.697176, 0.64731824, 0.30642608, 0.6443193, 0.6179788, 0.7082709, 0.6306609, 0.6938243, 0.73223764, 0.3458104, 0.514477, 0.76046443, 0.7009462, 0.68409246, 0.29821908, 0.46163356, 0.5381632, 0.7099774, 0.68739885, 0.67692894, 0.5676372, 0.6512901, 0.43527585, 0.73011935, 0.56519246, 0.48255223, 0.70975584, 0.5823653, 0.3465714, 0.7591562, 0.59351957, 0.6356139, 1.0, 0.74713945, 0.4744577, 0.5353255, 0.5117395, 0.633597, 0.5724733, 0.41089362, 0.7227398, 0.40467906, 0.6181523, 0.67855906, 0.35922533, 0.6781726, 0.58649796, 0.56392056, 0.67222154, 0.5657811], [0.93123657, 0.6236222, 0.7252804, 0.54550254, 0.6462221, 0.59372765, 0.72650564, 0.8528376, 0.86061627, 0.4883615, 0.82523835, 0.78065, 0.92159235, 0.5873285, 0.8479413, 0.90871, 0.51496243, 0.74236387, 0.8630123, 0.76777506, 0.8377346, 0.43043724, 0.5506762, 0.7394753, 0.893674, 0.81546867, 0.67940557, 0.63479346, 0.83624494, 0.70522666, 0.9128442, 0.68231624, 0.6289299, 0.8618323, 0.6785556, 0.5240014, 0.91203487, 0.75118375, 0.7429139, 0.74713945, 1.0, 0.68201005, 0.6653404, 0.60743976, 0.9058248, 0.70236456, 0.5763861, 0.93914187, 0.59104466, 0.8244462, 0.82157326, 0.52463275, 0.88620603, 0.79026794, 0.76715714, 0.8349993, 0.77895856], [0.6533235, 0.5154201, 0.5994867, 0.55792606, 0.45903796, 0.45156997, 0.5716449, 0.65352297, 0.6899599, 0.4231565, 0.66062915, 0.5970849, 0.62299156, 0.41749078, 0.716249, 0.6150578, 0.5011221, 0.60430276, 0.62606394, 0.5177661, 0.6373651, 0.4015072, 0.46685505, 0.53024185, 0.64491093, 0.66178095, 0.5763626, 0.5775014, 0.65207124, 0.5476757, 0.6705207, 0.50315464, 0.47034177, 0.61135983, 0.46921396, 0.55900395, 0.69962674, 0.6172644, 0.51407206, 0.4744577, 0.68201005, 0.99999994, 0.49210888, 0.46780914, 0.63975185, 0.50305706, 0.4583953, 0.69186693, 0.5686768, 0.67921174, 0.5682987, 0.45305282, 0.7058903, 0.6018867, 0.6204654, 0.59737384, 0.6870144], [0.65841293, 0.56832606, 0.75593114, 0.42574292, 0.6271115, 0.38802922, 0.48847914, 0.59268486, 0.674147, 0.2960354, 0.6762206, 0.64808035, 0.717942, 0.29269117, 0.66376483, 0.6386784, 0.37747362, 0.6348342, 0.6305198, 0.69672203, 0.6923038, 0.37020767, 0.5075978, 0.59593105, 0.6451101, 0.7315439, 0.5167955, 0.3475008, 0.5984764, 0.5719898, 0.70252013, 0.5621218, 0.6193964, 0.5115345, 0.39625403, 0.50639015, 0.6344615, 0.582829, 0.54496056, 0.5353255, 0.6653404, 0.49210888, 1.0, 0.5319685, 0.7039372, 0.53169435, 0.41744035, 0.6955589, 0.58696306, 0.66828245, 0.6086034, 0.5095405, 0.6767361, 0.567377, 0.7508091, 0.81997836, 0.59212077], [0.6587884, 0.34203914, 0.5904363, 0.5975648, 0.40915602, 0.57481825, 0.57362044, 0.56150854, 0.6435565, 0.28403932, 0.6267396, 0.7767656, 0.5867181, 0.4471947, 0.6814618, 0.5753798, 0.53570426, 0.53575903, 0.68466127, 0.5088496, 0.7123714, 0.32163823, 0.5776597, 0.45671988, 0.6966917, 0.6172076, 0.698875, 0.46831834, 0.6307589, 0.6730828, 0.6016581, 0.699842, 0.5866875, 0.5790267, 0.59299123, 0.39368027, 0.62304187, 0.70210415, 0.5889562, 0.5117395, 0.60743976, 0.46780914, 0.5319685, 1.0, 0.6310911, 0.6540649, 0.582605, 0.6281582, 0.4216726, 0.5376383, 0.71565676, 0.65657884, 0.64781725, 0.6382438, 0.5525819, 0.5121007, 0.5077838], [0.92981416, 0.61406016, 0.7750994, 0.5828754, 0.6705736, 0.5933583, 0.67821896, 0.7880645, 0.8742347, 0.46964926, 0.8507649, 0.8159969, 0.91854405, 0.4766227, 0.832782, 0.890321, 0.54309535, 0.73178536, 0.832265, 0.7186446, 0.85369515, 0.45507532, 0.4613154, 0.6805001, 0.9171866, 0.81790626, 0.64935625, 0.5573245, 0.80945873, 0.6946677, 0.82565737, 0.7007661, 0.6794727, 0.8034961, 0.5457788, 0.5968159, 0.8785826, 0.74199384, 0.66366446, 0.633597, 0.9058248, 0.63975185, 0.7039372, 0.6310911, 1.0, 0.60001457, 0.62938, 0.8954593, 0.682332, 0.8512577, 0.73421514, 0.6493449, 0.8535892, 0.6978809, 0.814926, 0.8342129, 0.79974973], [0.68229544, 0.39682627, 0.53385496, 0.5501419, 0.4878106, 0.42409372, 0.54343516, 0.70257455, 0.6176852, 0.2037028, 0.5834816, 0.6268187, 0.61306906, 0.7483898, 0.7346729, 0.5894886, 0.36446637, 0.46520203, 0.6696054, 0.5771599, 0.6356195, 0.23599997, 0.5277866, 0.48973718, 0.67594165, 0.573477, 0.655861, 0.6043433, 0.53207874, 0.6091709, 0.7365056, 0.6679117, 0.4523332, 0.61702746, 0.55379224, 0.3729297, 0.6470593, 0.63471854, 0.5874481, 0.5724733, 0.70236456, 0.50305706, 0.53169435, 0.6540649, 0.60001457, 1.0, 0.4210407, 0.64575577, 0.48587233, 0.55976546, 0.761791, 0.48657238, 0.68615174, 0.6006763, 0.5326667, 0.5554346, 0.49799883], [0.65687704, 0.34010088, 0.58302903, 0.5360761, 0.45690563, 0.6069859, 0.50105333, 0.5510593, 0.68257946, 0.5457809, 0.63086784, 0.66301197, 0.57248545, 0.34944433, 0.6357969, 0.5495424, 0.6337483, 0.5171187, 0.6426599, 0.44494486, 0.6351826, 0.34754568, 0.27948058, 0.43968907, 0.71874267, 0.6141423, 0.5044569, 0.4034097, 0.5822562, 0.502419, 0.5344411, 0.5215398, 0.66237, 0.5667771, 0.40876898, 0.5423192, 0.64717877, 0.5711405, 0.5311559, 0.41089362, 0.5763861, 0.4583953, 0.41744035, 0.582605, 0.62938, 0.4210407, 1.0, 0.5996202, 0.44375384, 0.59603494, 0.5225678, 0.7011508, 0.6496725, 0.47861794, 0.5708594, 0.51488745, 0.6866522], [0.8917289, 0.62460697, 0.75363404, 0.5724236, 0.6653152, 0.58403754, 0.72630954, 0.81974775, 0.9033332, 0.5696068, 0.8039398, 0.7300477, 0.90435493, 0.5159912, 0.82265764, 0.8872987, 0.57429254, 0.76204336, 0.8452569, 0.78329754, 0.84632945, 0.47265655, 0.5383339, 0.77303994, 0.86571133, 0.8322977, 0.68370914, 0.6189417, 0.8634313, 0.7108359, 0.8890625, 0.6847714, 0.6799767, 0.7845042, 0.62713665, 0.5819392, 0.9140117, 0.7756407, 0.6893658, 0.7227398, 0.93914187, 0.69186693, 0.6955589, 0.6281582, 0.8954593, 0.64575577, 0.5996202, 0.99999976, 0.6476255, 0.8561375, 0.8262979, 0.5324028, 0.91389906, 0.7868986, 0.81709766, 0.8891536, 0.8575119], [0.60835266, 0.5684625, 0.6434861, 0.54311144, 0.56529486, 0.40813887, 0.51555383, 0.5827136, 0.6998793, 0.46483338, 0.629488, 0.5384301, 0.60980797, 0.32215434, 0.67196536, 0.6135218, 0.54236734, 0.61733186, 0.5710634, 0.5407856, 0.64121294, 0.40233472, 0.40051892, 0.5383182, 0.634219, 0.6415861, 0.51778764, 0.4739121, 0.57001376, 0.5760031, 0.5975623, 0.50448126, 0.5399728, 0.5400466, 0.33633503, 0.68760574, 0.6368568, 0.5485019, 0.49208444, 0.40467906, 0.59104466, 0.5686768, 0.58696306, 0.4216726, 0.682332, 0.48587233, 0.44375384, 0.6476255, 1.0, 0.70641863, 0.48192137, 0.4713965, 0.6988801, 0.5040964, 0.6877521, 0.6521505, 0.68618727], [0.8342514, 0.71523154, 0.8171073, 0.55035853, 0.7155454, 0.52469075, 0.7153313, 0.73721635, 0.86370146, 0.5395105, 0.88694286, 0.7125756, 0.83393, 0.43503466, 0.8533436, 0.8304246, 0.5535619, 0.79173464, 0.7919849, 0.72593427, 0.84607744, 0.5196236, 0.45088553, 0.6171298, 0.83111113, 0.8671022, 0.6305015, 0.53503144, 0.79554164, 0.5975417, 0.79777527, 0.6252141, 0.6888486, 0.7835932, 0.45330477, 0.6216187, 0.8637778, 0.6887042, 0.63136804, 0.6181523, 0.8244462, 0.67921174, 0.66828245, 0.5376383, 0.8512577, 0.55976546, 0.59603494, 0.8561375, 0.70641863, 0.9999999, 0.63576186, 0.5150851, 0.8627578, 0.6153804, 0.91022056, 0.85905933, 0.8938259], [0.81372786, 0.4695119, 0.5845057, 0.5642907, 0.47805968, 0.5430125, 0.64841294, 0.75301427, 0.7850794, 0.37800223, 0.6799946, 0.71175253, 0.7686584, 0.62951297, 0.73203707, 0.7471644, 0.44555387, 0.64482677, 0.81568813, 0.6689303, 0.7873906, 0.29621768, 0.6078718, 0.71257657, 0.77695984, 0.67215455, 0.757802, 0.6120142, 0.7414558, 0.7088042, 0.8029034, 0.80023944, 0.5365058, 0.6810852, 0.7340168, 0.37873012, 0.7411363, 0.7464338, 0.6610474, 0.67855906, 0.82157326, 0.5682987, 0.6086034, 0.71565676, 0.73421514, 0.761791, 0.5225678, 0.8262979, 0.48192137, 0.63576186, 1.0, 0.5203314, 0.80018806, 0.79106516, 0.6103532, 0.716634, 0.64252126], [0.6756935, 0.26248503, 0.56651276, 0.5055921, 0.44236213, 0.50025785, 0.44182664, 0.5420487, 0.5963099, 0.28595966, 0.60047644, 0.7352084, 0.56553376, 0.3498823, 0.6233221, 0.5005033, 0.4836166, 0.45118898, 0.5