<!DOCTYPE html>
<html lang="en">
<head>
<meta charset="utf-8" />
<meta name="viewport" content="width=device-width, initial-scale=1" />
<title>Similarity Table</title>
<style>
  :root {
    --cell-pad: 6px;
    --header-bg: #f8fafc;
    --header-txt: #222;
    --grid-color: #e6eaf2;
    --hover-border: #111;
    --font: system-ui, -apple-system, Segoe UI, Roboto, Helvetica, Arial, "Apple Color Emoji","Segoe UI Emoji";
    --col-w: 120px;
    --rowhdr-w: 220px;
    --panel-w: 420px;
  }
  body { margin: 0; padding: 0; font-family: var(--font); color: #1a1a1a; background: #fff; }
  header {
    position: sticky; top: 0; z-index: 4; background: white;
    padding: 12px 16px; border-bottom: 1px solid var(--grid-color);
    display: grid; gap: 8px;
  }
  header h1 { margin: 0; font-size: 18px; font-weight: 650; }
  header .meta { font-size: 12px; color: #666; }
  .controls { display: flex; gap: 10px; align-items: center; flex-wrap: wrap; }
  input[type="search"], select, input[type="range"] {
    font: inherit; padding: 8px 10px; border: 1px solid var(--grid-color);
    border-radius: 8px; outline: none;
  }
  input[type="search"] { min-width: 260px; }
  .legend { margin-left: auto; display: flex; align-items: center; gap: 8px; font-size: 12px; color: #555; }
  .legend-bar {
    width: 180px; height: 10px; border-radius: 4px;
    background: linear-gradient(to right,
      #ffffff 0%,
      #fff3b0 20%,
      #ffb482 40%,
      #ff6ad5 60%,
      #6a9cfc 80%,
      #4bd1a0 100%);
    border: 1px solid #dfe6f5;
  }

  .wrap {
    display: grid;
    grid-template-columns: 1fr var(--panel-w);
    gap: 0;
  }
  .container { height: calc(100vh - 120px); overflow: auto; }
  .panel {
    border-left: 1px solid var(--grid-color);
    height: calc(100vh - 120px);
    position: sticky; top: 120px;
    padding: 12px;
    overflow: auto;
    background: #fafbff;
  }
  .panel h3 { margin: 4px 0 8px; font-size: 14px; }
  .panel .muted { color: #666; font-size: 12px; }
  .pill {
    display: inline-block; background: #eef2ff; color: #1e40af; border: 1px solid #dbe5ff;
    padding: 2px 6px; margin: 2px; border-radius: 999px; font-size: 12px;
  }
  .pair { margin: 6px 0; padding: 6px 8px; background: #fff; border: 1px solid #e6eaf2; border-radius: 8px; }
  .pair .s { font-weight: 600; color: #0f5132; font-size: 12px; }

  table { border-collapse: separate; border-spacing: 0; font-size: 12px; }
  th, td {
    border: 1px solid var(--grid-color);
    padding: var(--cell-pad);
    transition: filter 80ms ease-out, box-shadow 80ms ease-out, border-color 80ms ease-out, opacity 80ms ease-out;
    vertical-align: middle;
  }

  /* Column headers (top row) */
  thead th.colhdr {
    width: var(--col-w); min-width: var(--col-w); max-width: var(--col-w);
    text-align: center; white-space: normal; word-break: break-word; overflow-wrap: anywhere; hyphens: auto;
  }

  /* Data cells */
  tbody td {
    width: var(--col-w); min-width: var(--col-w); max-width: var(--col-w);
    text-align: right; white-space: normal; word-break: break-word; overflow-wrap: anywhere; hyphens: auto;
  }

  /* Sticky headers */
  thead th { position: sticky; top: 0; background: var(--header-bg); color: var(--header-txt); z-index: 2; font-weight: 600; }
  tbody th { position: sticky; left: 0; z-index: 1; background: var(--header-bg); text-align: left;
    width: var(--rowhdr-w); min-width: var(--rowhdr-w); max-width: var(--rowhdr-w);
    white-space: normal; word-break: break-word; overflow-wrap: anywhere; hyphens: auto; }
  thead th.corner { left: 0; z-index: 3; width: var(--rowhdr-w); min-width: var(--rowhdr-w); max-width: var(--rowhdr-w); }

  /* Hover emphasis */
  td.hovered, th.hovered { filter: brightness(1.12); border-color: var(--hover-border); box-shadow: inset 0 0 0 2px var(--hover-border); }
  td.diag { font-weight: 600; color: #0f5132; }

  .tip {
    position: fixed; pointer-events: none; background: rgba(20,20,20,0.92); color: #fff;
    padding: 6px 8px; font-size: 12px; border-radius: 6px; transform: translate(-50%, calc(-100% - 8px));
    z-index: 1000; opacity: 0; transition: opacity 80ms ease-out; white-space: nowrap;
  }

  .small { font-size: 12px; color: #555; }
  .range-wrap { display: inline-flex; align-items: center; gap: 8px; }
  .range-wrap input[type="range"] { width: 180px; padding: 0; border-radius: 6px; }
  .mode-wrap { display: inline-flex; align-items: center; gap: 6px; }
</style>
</head>
<body>
<header>
  <h1>Similarity Table</h1>
  <div class="controls">
    <input id="filter" type="search" placeholder="Filter (regex or substring)..." />
    <select id="mode" title="Filter mode">
      <option value="rows">Filter rows only</option>
      <option value="cols">Filter columns only</option>
    </select>
    <div class="range-wrap" title="Hide or dim values below threshold">
      <span class="small">Threshold:</span>
      <input id="thresh" type="range" min="0" max="1" step="0.01" value="0.00" />
      <span id="threshVal" class="small">0.00</span>
      <span class="mode-wrap small"><label><input id="hideBelow" type="checkbox" /> Hide below</label></span>
    </div>
    <div class="legend">
      <span>Similarity</span>
      <div class="legend-bar"></div>
      <span>low</span><span>→</span><span>high</span>
    </div>
  </div>
  <div class="meta" id="meta"></div>
</header>

<div class="wrap">
  <div class="container">
    <table id="sim">
      <thead id="thead"></thead>
      <tbody id="tbody"></tbody>
    </table>
  </div>
  <aside class="panel" id="panel">
    <div class="muted">Click a cell to see explanations here.</div>
  </aside>
</div>

<div class="tip" id="tip"></div>

<script>
  const NAMES = ["Aaron Ding", "Alexandre da Silva Veith", "Alhassan Abdelhalim", "Amjad Isstaif", "Anton Semjonov", "Christian Becker", "Demetris Trihinas", "Dewant Katare", "Erkki Harjula", "Fatemeh Marzani", "Feras M. Awaysheh", "Ferran Diego Andilla", "Georgios Bouloukakis", "Huber Flores", "Janick Edinger", "Kathleen West", "Kazi Mohammad Abidur Rahman", "Laura Harms", "Lauri Loven", "Lauritz Thamsen", "Lennart Bengtson", "Marcus Venzke", "Martin Andraud", "Mathias Fischer", "Melanie Heck", "Michael Schramm", "Michell Boerger", "Mostafa Haghi", "Nikolay Vassilev Tcholtchev", "Nisal Hemadasa", "Olaf Landsiedel", "Poonam Yadav", "Reza Farahani", "Reza Sabzevari", "Roberto Morabito", "Sani M. Abdullahi", "Stefan Petrescu", "Stefan Schulte", "Stephan Sigg", "Ulf Kulau", "Volker Hilt", "Winfried Lamersdorf"];      // display names
  const MATRIX = [[1.0, 0.78062284, 0.56583744, 0.57348734, 0.6601539, 0.86154413, 0.8490181, 0.85644954, 0.92795795, 0.58294487, 0.8568382, 0.6265279, 0.89788437, 0.89182884, 0.8961833, 0.41138467, 0.5132607, 0.6884891, 0.9442178, 0.79316306, 0.7070211, 0.8017906, 0.6652031, 0.8833051, 0.7675107, 0.644448, 0.8413519, 0.6351824, 0.89329326, 0.7264856, 0.8703338, 0.9267751, 0.6681913, 0.6564231, 0.9313327, 0.68503666, 0.61102074, 0.8392971, 0.8356029, 0.7374271, 0.82333577, 0.80082625], [0.78062284, 1.0, 0.5169796, 0.6718837, 0.65265536, 0.8254614, 0.8426398, 0.7413964, 0.77667546, 0.3539337, 0.85528916, 0.60117424, 0.77947795, 0.7739985, 0.80980986, 0.53132486, 0.55548453, 0.65385365, 0.7982111, 0.8778378, 0.5960607, 0.75271267, 0.6349809, 0.7785325, 0.5689286, 0.7428524, 0.6867105, 0.48467305, 0.81292236, 0.68038297, 0.7825023, 0.77081263, 0.74107563, 0.5756051, 0.77709055, 0.53812206, 0.6445214, 0.83285046, 0.63103163, 0.72446764, 0.81597906, 0.77168214], [0.56583744, 0.5169796, 1.0, 0.3588845, 0.4237327, 0.5939641, 0.6016239, 0.5650315, 0.46192622, 0.41029555, 0.6437416, 0.6401066, 0.5035791, 0.592741, 0.60258687, 0.41587466, 0.3950417, 0.42967975, 0.6578927, 0.6027036, 0.58885646, 0.56768435, 0.49511114, 0.5489675, 0.5655744, 0.56098497, 0.5038837, 0.39986306, 0.600909, 0.6548432, 0.5412307, 0.539416, 0.42997208, 0.5975648, 0.58559114, 0.5545588, 0.54311144, 0.54541624, 0.5775828, 0.49356335, 0.45915598, 0.57959044], [0.57348734, 0.6718837, 0.3588845, 1.0, 0.6135688, 0.6621082, 0.6491216, 0.5189725, 0.63304853, 0.21687187, 0.62523746, 0.37932748, 0.61762345, 0.5410422, 0.6603466, 0.41768587, 0.38021797, 0.58356285, 0.5579247, 0.74093497, 0.40087616, 0.56499213, 0.53559875, 0.66628253, 0.42647335, 0.5263612, 0.5284138, 0.3114637, 0.6135636, 0.51921105, 0.65519756, 0.61644137, 0.5783187, 0.34203914, 0.61491513, 0.39917713, 0.5684625, 0.7081039, 0.4926096, 0.49583867, 0.69933367, 0.6366954], [0.6601539, 0.65265536, 0.4237327, 0.6135688, 1.0, 0.673875, 0.63438725, 0.5588168, 0.6648276, 0.34816468, 0.6214673, 0.42067605, 0.64391565, 0.6393398, 0.74426126, 0.488274, 0.3291179, 0.44525206, 0.6559287, 0.7001166, 0.43047923, 0.58221745, 0.49222228, 0.6659541, 0.5189874, 0.6314496, 0.5057108, 0.2988553, 0.64206123, 0.58621365, 0.6127212, 0.63451946, 0.63571167, 0.40915602, 0.6708244, 0.4898289, 0.56529486, 0.7070633, 0.50654644, 0.44069675, 0.69081354, 0.6672432], [0.86154413, 0.8254614, 0.5939641, 0.6621082, 0.673875, 1.0, 0.8335646, 0.71388185, 0.8310946, 0.46717227, 0.8684029, 0.61561334, 0.8854563, 0.8553822, 0.9279543, 0.5324466, 0.45389766, 0.6810658, 0.8603126, 0.84005654, 0.6291913, 0.8177091, 0.6695716, 0.83866143, 0.7401973, 0.6961387, 0.7623131, 0.58358645, 0.8756565, 0.75357926, 0.83781356, 0.8552996, 0.65601313, 0.600971, 0.8385249, 0.58706665, 0.68586993, 0.87649137, 0.8058559, 0.7312895, 0.84757733, 0.91373724], [0.8490181, 0.8426398, 0.6016239, 0.6491216, 0.63438725, 0.8335646, 1.0, 0.8096324, 0.81677794, 0.44263542, 0.8682772, 0.6201266, 0.8329877, 0.8724859, 0.8487371, 0.540164, 0.541011, 0.6222394, 0.8607416, 0.8633494, 0.65679646, 0.8155294, 0.64051795, 0.78882945, 0.69004583, 0.6857476, 0.8044197, 0.5826782, 0.840708, 0.7177793, 0.78280747, 0.82791424, 0.6842599, 0.621854, 0.8481771, 0.5830828, 0.6391648, 0.89986837, 0.71685755, 0.7220035, 0.796632, 0.8011144], [0.85644954, 0.7413964, 0.5650315, 0.5189725, 0.5588168, 0.71388185, 0.8096324, 0.9999999, 0.783635, 0.46240658, 0.7611519, 0.71045226, 0.7429246, 0.7960233, 0.80499876, 0.37230018, 0.5676659, 0.56701654, 0.8504243, 0.74869424, 0.7086463, 0.7411431, 0.7161095, 0.751397, 0.7123214, 0.6612704, 0.760977, 0.6483024, 0.7757141, 0.6930268, 0.73612666, 0.7613783, 0.6541761, 0.77676564, 0.81520474, 0.626338, 0.5384301, 0.69982284, 0.7177459, 0.7016058, 0.6460137, 0.62545794], [0.92795795, 0.77667546, 0.46192622, 0.63304853, 0.6648276, 0.8310946, 0.81677794, 0.783635, 0.9999999, 0.5314814, 0.8034289, 0.53501534, 0.9055908, 0.8596063, 0.8412689, 0.38630205, 0.4773332, 0.69129753, 0.8636161, 0.80594665, 0.6355169, 0.8038401, 0.6415354, 0.8859482, 0.6838815, 0.6630584, 0.7987932, 0.6072079, 0.87449384, 0.6815904, 0.8804162, 0.9140308, 0.72831726, 0.5826677, 0.91683114, 0.6131952, 0.6090815, 0.82813513, 0.7889539, 0.72958267, 0.8737926, 0.7808454], [0.58294487, 0.3539337, 0.41029555, 0.21687187, 0.34816468, 0.46717227, 0.44263542, 0.46240658, 0.5314814, 1.0, 0.55668724, 0.45902354, 0.5030316, 0.6267526, 0.5342159, 0.110194586, 0.27921367, 0.30238146, 0.56097674, 0.44092834, 0.6089233, 0.43235922, 0.3502981, 0.5743818, 0.5686504, 0.3463629, 0.55586576, 0.45029762, 0.5514287, 0.5033431, 0.47204566, 0.574156, 0.30098534, 0.4471947, 0.47691646, 0.7486372, 0.32215434, 0.4285401, 0.62228274, 0.38849354, 0.38849124, 0.40460265], [0.8568382, 0.85528916, 0.6437416, 0.62523746, 0.6214673, 0.8684029, 0.8682772, 0.7611519, 0.8034289, 0.55668724, 1.0, 0.6426555, 0.820954, 0.8341453, 0.8400711, 0.5301806, 0.5517492, 0.6249422, 0.88975227, 0.8585154, 0.7287684, 0.7953905, 0.66855204, 0.8297105, 0.66601753, 0.6708172, 0.7964619, 0.5735147, 0.8802731, 0.8032378, 0.80573505, 0.85820305, 0.65916324, 0.64537, 0.8299582, 0.7121085, 0.6705626, 0.87169933, 0.7663754, 0.7437291, 0.7803205, 0.82304704], [0.6265279, 0.60117424, 0.6401066, 0.37932748, 0.42067605, 0.61561334, 0.6201266, 0.71045226, 0.53501534, 0.45902354, 0.6426555, 1.0, 0.5264214, 0.6542541, 0.68892413, 0.3764047, 0.5780357, 0.56778824, 0.6688229, 0.6469706, 0.7184731, 0.58616185, 0.63142157, 0.62601805, 0.69065, 0.55916333, 0.49490473, 0.51946414, 0.57802045, 0.7397238, 0.6549644, 0.5801286, 0.64089906, 0.823784, 0.58928263, 0.6818163, 0.4889298, 0.5356667, 0.7340939, 0.6018155, 0.55837834, 0.5144114], [0.89788437, 0.77947795, 0.5035791, 0.61762345, 0.64391565, 0.8854563, 0.8329877, 0.7429246, 0.9055908, 0.5030316, 0.820954, 0.5264214, 1.0, 0.85277796, 0.8821134, 0.42302597, 0.46242422, 0.6771215, 0.8613164, 0.82673526, 0.62879956, 0.82520765, 0.647289, 0.83492464, 0.6843144, 0.6538029, 0.8277432, 0.61966205, 0.8861562, 0.7047678, 0.8513864, 0.91491413, 0.6548572, 0.5652422, 0.8869163, 0.58459795, 0.6267451, 0.8519908, 0.77369237, 0.7395319, 0.8373114, 0.8172618], [0.89182884, 0.7739985, 0.592741, 0.5410422, 0.6393398, 0.8553822, 0.8724859, 0.7960233, 0.8596063, 0.6267526, 0.8341453, 0.6542541, 0.85277796, 1.0, 0.8920766, 0.51522255, 0.5130534, 0.61840045, 0.88634735, 0.826803, 0.71468496, 0.81655264, 0.6547289, 0.82198757, 0.78464013, 0.66442215, 0.8428627, 0.710927, 0.8601742, 0.7292279, 0.8095759, 0.86685216, 0.6500334, 0.6793257, 0.8381463, 0.66587186, 0.5766686, 0.80833566, 0.83681774, 0.7505832, 0.7591978, 0.77848566], [0.8961833, 0.80980986, 0.60258687, 0.6603466, 0.74426126, 0.9279543, 0.8487371, 0.80499876, 0.8412689, 0.5342159, 0.8400711, 0.68892413, 0.8821134, 0.8920766, 1.0, 0.53611064, 0.48701572, 0.6524173, 0.89021134, 0.8665101, 0.7000881, 0.81258357, 0.6751197, 0.83024466, 0.8141773, 0.7242585, 0.7712624, 0.6347796, 0.84342074, 0.7904564, 0.8271118, 0.8494123, 0.6903145, 0.67698294, 0.8513061, 0.6260103, 0.63624996, 0.8610012, 0.81783724, 0.7066012, 0.8170291, 0.8374308], [0.41138467, 0.53132486, 0.41587466, 0.41768587, 0.488274, 0.5324466, 0.540164, 0.37230018, 0.38630205, 0.110194586, 0.5301806, 0.3764047, 0.42302597, 0.51522255, 0.53611064, 0.9999999, 0.30333295, 0.29523078, 0.47734648, 0.6440011, 0.27902845, 0.5245317, 0.38135743, 0.39376467, 0.3606723, 0.39335966, 0.39602238, 0.3136846, 0.4907838, 0.48840362, 0.4236216, 0.43785584, 0.3879, 0.32163823, 0.4565911, 0.24342984, 0.40233472, 0.54196024, 0.33852202, 0.4192844, 0.40088227, 0.5357014], [0.5132607, 0.55548453, 0.3950417, 0.38021797, 0.3291179, 0.45389766, 0.541011, 0.5676659, 0.4773332, 0.27921367, 0.5517492, 0.5780357, 0.46242422, 0.5130534, 0.48701572, 0.30333295, 1.0, 0.5564548, 0.48908073, 0.5239122, 0.5126211, 0.50516975, 0.6861998, 0.5799469, 0.4141599, 0.36768746, 0.4578873, 0.55804956, 0.52136385, 0.50195986, 0.6137816, 0.5487967, 0.515656, 0.5776597, 0.45881534, 0.5279606, 0.40051892, 0.45189673, 0.6009475, 0.7766986, 0.45816797, 0.34285575], [0.6884891, 0.65385365, 0.42967975, 0.58356285, 0.44525206, 0.6810658, 0.6222394, 0.56701654, 0.69129753, 0.30238146, 0.6249422, 0.56778824, 0.6771215, 0.61840045, 0.6524173, 0.29523078, 0.5564548, 1.0, 0.658026, 0.6651939, 0.54519236, 0.67508215, 0.6570656, 0.74269867, 0.50853056, 0.53334004, 0.56309474, 0.49543244, 0.685652, 0.6002524, 0.86776376, 0.74606466, 0.60606176, 0.4567199, 0.6809143, 0.4930744, 0.5383182, 0.61853063, 0.7180551, 0.73043966, 0.7580638, 0.6107366], [0.9442178, 0.7982111, 0.6578927, 0.5579247, 0.6559287, 0.8603126, 0.8607416, 0.8504243, 0.8636161, 0.56097674, 0.88975227, 0.6688229, 0.8613164, 0.88634735, 0.89021134, 0.47734648, 0.48908073, 0.658026, 1.0, 0.828254, 0.70977, 0.794718, 0.68135846, 0.8486992, 0.7626755, 0.70788133, 0.83809316, 0.5923829, 0.8947668, 0.78259337, 0.8393055, 0.8847507, 0.65770745, 0.6936366, 0.9188087, 0.67948455, 0.639637, 0.834303, 0.79953307, 0.71309334, 0.7825196, 0.80129445], [0.79316306, 0.8778378, 0.6027036, 0.74093497, 0.7001166, 0.84005654, 0.8633494, 0.74869424, 0.80594665, 0.44092834, 0.8585154, 0.6469706, 0.82673526, 0.826803, 0.8665101, 0.6440011, 0.5239122, 0.6651939, 0.828254, 1.0, 0.68647623, 0.8220364, 0.64961994, 0.79948664, 0.62921584, 0.7477026, 0.73434114, 0.52606225, 0.85378015, 0.77163744, 0.81553125, 0.80827224, 0.73939276, 0.61288184, 0.8210999, 0.5741726, 0.64318156, 0.8673098, 0.6994084, 0.6905425, 0.8292569, 0.813285], [0.7070211, 0.5960607, 0.58885646, 0.40087616, 0.43047923, 0.6291913, 0.65679646, 0.7086463, 0.6355169, 0.6089233, 0.7287684, 0.7184731, 0.62879956, 0.71468496, 0.7000881, 0.27902845, 0.5126211, 0.54519236, 0.70977, 0.68647623, 0.9999999, 0.68051445, 0.5429791, 0.6682004, 0.65740395, 0.5067047, 0.62959003, 0.59783745, 0.6651012, 0.73017436, 0.66151714, 0.6649015, 0.5210678, 0.69887507, 0.6495005, 0.65619135, 0.51778764, 0.6218411, 0.7549932, 0.60240674, 0.6003207, 0.56575257], [0.8017906, 0.75271267, 0.56768435, 0.56499213, 0.58221745, 0.8177091, 0.8155294, 0.7411431, 0.8038401, 0.43235922, 0.7953905, 0.58616185, 0.82520765, 0.81655264, 0.81258357, 0.5245317, 0.50516975, 0.67508215, 0.794718, 0.8220364, 0.68051445, 0.99999976, 0.6983115, 0.7588153, 0.63132113, 0.6276732, 0.77403903, 0.6539439, 0.84171885, 0.76953053, 0.8372127, 0.83983594, 0.60151994, 0.6241258, 0.8107424, 0.534093, 0.5747334, 0.8099313, 0.7660079, 0.7876291, 0.78144914, 0.8148322], [0.6652031, 0.6349809, 0.49511114, 0.53559875, 0.49222228, 0.6695716, 0.64051795, 0.7161095, 0.6415354, 0.3502981, 0.66855204, 0.63142157, 0.647289, 0.6547289, 0.6751197, 0.38135743, 0.6861998, 0.6570656, 0.68135846, 0.64961994, 0.5429791, 0.6983115, 1.0, 0.70284677, 0.5796101, 0.5956208, 0.6458192, 0.62561345, 0.7022537, 0.66469735, 0.77964604, 0.70415986, 0.5834391, 0.6730828, 0.6936738, 0.6095426, 0.5760031, 0.5976208, 0.7138827, 0.8023712, 0.5815095, 0.558321], [0.8833051, 0.7785325, 0.5489675, 0.66628253, 0.6659541, 0.83866143, 0.78882945, 0.751397, 0.8859482, 0.5743818, 0.8297105, 0.62601805, 0.83492464, 0.82198757, 0.83024466, 0.39376467, 0.5799469, 0.74269867, 0.8486992, 0.79948664, 0.6682004, 0.7588153, 0.70284677, 1.0, 0.6804775, 0.6423359, 0.80134195, 0.59816176, 0.8789111, 0.7437552, 0.913896, 0.9108796, 0.7107235, 0.5963057, 0.82700306, 0.73953557, 0.60075647, 0.79818845, 0.8180326, 0.7519127, 0.85675836, 0.7472253], [0.7675107, 0.5689286, 0.5655744, 0.42647335, 0.5189874, 0.7401973, 0.69004583, 0.7123214, 0.6838815, 0.5686504, 0.66601753, 0.69065, 0.6843144, 0.78464013, 0.8141773, 0.3606723, 0.4141599, 0.50853056, 0.7626755, 0.62921584, 0.65740395, 0.63132113, 0.5796101, 0.6804775, 1.0, 0.56743777, 0.6248269, 0.6361036, 0.6372934, 0.6636125, 0.65248185, 0.675545, 0.56809646, 0.699842, 0.703663, 0.6654223, 0.50448126, 0.63095486, 0.80896115, 0.5715057, 0.62773836, 0.6300498], [0.644448, 0.7428524, 0.56098497, 0.5263612, 0.6314496, 0.6961387, 0.6857476, 0.6612704, 0.6630584, 0.3463629, 0.6708172, 0.55916333, 0.6538029, 0.66442215, 0.7242585, 0.39335966, 0.36768746, 0.53334004, 0.70788133, 0.7477026, 0.5067047, 0.6276732, 0.5956208, 0.6423359, 0.56743777, 1.0, 0.56795704, 0.39534512, 0.6963999, 0.6191131, 0.67391497, 0.6159338, 0.62723064, 0.58668756, 0.67827725, 0.45227072, 0.5399728, 0.67351675, 0.55275625, 0.5550157, 0.6464118, 0.6702149], [0.8413519, 0.6867105, 0.5038837, 0.5284138, 0.5057108, 0.7623131, 0.8044197, 0.760977, 0.7987932, 0.55586576, 0.7964619, 0.49490473, 0.8277432, 0.8428627, 0.7712624, 0.39602238, 0.4578873, 0.56309474, 0.83809316, 0.73434114, 0.62959003, 0.77403903, 0.6458192, 0.80134195, 0.6248269, 0.56795704, 1.0, 0.6205652, 0.87581456, 0.6227568, 0.7655926, 0.85363305, 0.5292083, 0.5790267, 0.80531085, 0.62435246, 0.5400466, 0.7869766, 0.7075205, 0.70318526, 0.6839583, 0.71878135], [0.6351824, 0.48467305, 0.39986306, 0.3114637, 0.2988553, 0.58358645, 0.5826782, 0.6483024, 0.6072079, 0.45029762, 0.5735147, 0.51946414, 0.61966205, 0.710927, 0.6347796, 0.3136846, 0.55804956, 0.49543244, 0.5923829, 0.52606225, 0.59783745, 0.6539439, 0.62561345, 0.59816176, 0.6361036, 0.39534512, 0.6205652, 1.0, 0.57981604, 0.55907357, 0.6211535, 0.6805489, 0.4011074, 0.5899899, 0.54573584, 0.55582917, 0.33449233, 0.47213256, 0.7403969, 0.7665963, 0.46671128, 0.44687355], [0.89329326, 0.81292236, 0.600909, 0.6135636, 0.64206123, 0.8756565, 0.840708, 0.7757141, 0.87449384, 0.5514287, 0.8802731, 0.57802045, 0.8861562, 0.8601742, 0.84342074, 0.4907838, 0.52136385, 0.685652, 0.8947668, 0.85378015, 0.6651012, 0.84171885, 0.7022537, 0.8789111, 0.6372934, 0.6963999, 0.87581456, 0.57981604, 1.0, 0.7398638, 0.87209487, 0.90836847, 0.65114987, 0.62071407, 0.88214576, 0.6505394, 0.639089, 0.86828536, 0.77154934, 0.765842, 0.8173773, 0.8406222], [0.7264856, 0.68038297, 0.6548432, 0.51921105, 0.58621365, 0.75357926, 0.7177793, 0.6930268, 0.6815904, 0.5033431, 0.8032378, 0.7397238, 0.7047678, 0.7292279, 0.7904564, 0.48840362, 0.50195986, 0.6002524, 0.78259337, 0.77163744, 0.73017436, 0.76953053, 0.66469735, 0.7437552, 0.6636125, 0.6191131, 0.6227568, 0.55907357, 0.7398638, 1.0, 0.75748503, 0.753878, 0.5949448, 0.70210415, 0.7419102, 0.63896346, 0.5485019, 0.6990404, 0.76491475, 0.680495, 0.6663834, 0.6730051], [0.8703338, 0.7825023, 0.5412307, 0.65519756, 0.6127212, 0.83781356, 0.78280747, 0.73612666, 0.8804162, 0.47204566, 0.80573505, 0.6549644, 0.8513864, 0.8095759, 0.8271118, 0.4236216, 0.6137816, 0.86776376, 0.8393055, 0.81553125, 0.66151714, 0.8372127, 0.77964604, 0.913896, 0.65248185, 0.67391497, 0.7655926, 0.6211535, 0.87209487, 0.75748503, 0.9999999, 0.9288371, 0.71296114, 0.61966896, 0.860898, 0.6488753, 0.60777867, 0.79373807, 0.8505854, 0.84783113, 0.87203765, 0.76948583], [0.9267751, 0.77081263, 0.539416, 0.61644137, 0.63451946, 0.8552996, 0.82791424, 0.7613783, 0.9140308, 0.574156, 0.85820305, 0.5801286, 0.91491413, 0.86685216, 0.8494123, 0.43785584, 0.5487967, 0.74606466, 0.8847507, 0.80827224, 0.6649015, 0.83983594, 0.70415986, 0.9108796, 0.675545, 0.6159338, 0.85363305, 0.6805489, 0.90836847, 0.753878, 0.9288371, 1.0, 0.67012084, 0.5941951, 0.8989558, 0.7014939, 0.59067976, 0.82625496, 0.8483546, 0.81683326, 0.83735096, 0.78640604], [0.6681913, 0.74107563, 0.42997208, 0.5783187, 0.63571167, 0.65601313, 0.6842599, 0.6541761, 0.72831726, 0.30098534, 0.65916324, 0.64089906, 0.6548572, 0.6500334, 0.6903145, 0.3879, 0.515656, 0.60606176, 0.65770745, 0.73939276, 0.5210678, 0.60151994, 0.5834391, 0.7107235, 0.56809646, 0.62723064, 0.5292083, 0.4011074, 0.65114987, 0.5949448, 0.71296114, 0.67012084, 0.99999976, 0.5335889, 0.7168309, 0.53691244, 0.5993201, 0.6723741, 0.62769973, 0.58143485, 0.81204355, 0.6010643], [0.6564231, 0.5756051, 0.5975648, 0.34203914, 0.40915602, 0.600971, 0.621854, 0.77676564, 0.5826677, 0.4471947, 0.64537, 0.823784, 0.5652422, 0.6793257, 0.67698294, 0.32163823, 0.5776597, 0.4567199, 0.6936366, 0.61288184, 0.69887507, 0.6241258, 0.6730828, 0.5963057, 0.699842, 0.58668756, 0.5790267, 0.5899899, 0.62071407, 0.70210415, 0.61966896, 0.5941951, 0.5335889, 1.0, 0.6292255, 0.64905465, 0.42167258, 0.5298363, 0.7088311, 0.6255856, 0.49409074, 0.49715483], [0.9313327, 0.77709055, 0.58559114, 0.61491513, 0.6708244, 0.8385249, 0.8481771, 0.81520474, 0.91683114, 0.47691646, 0.8299582, 0.58928263, 0.8869163, 0.8381463, 0.8513061, 0.4565911, 0.45881534, 0.6809143, 0.9188087, 0.8210999, 0.6495005, 0.8107424, 0.6936738, 0.82700306, 0.703663, 0.67827725, 0.80531085, 0.54573584, 0.88214576, 0.7419102, 0.860898, 0.8989558, 0.7168309, 0.6292255, 0.99999994, 0.6045455, 0.68484795, 0.84795725, 0.75863695, 0.7052459, 0.831534, 0.8009509], [0.68503666, 0.53812206, 0.5545588, 0.39917713, 0.4898289, 0.58706665, 0.5830828, 0.626338, 0.6131952, 0.7486372, 0.7121085, 0.6818163, 0.58459795, 0.66587186, 0.6260103, 0.24342984, 0.5279606, 0.4930744, 0.67948455, 0.5741726, 0.65619135, 0.534093, 0.6095426, 0.73953557, 0.6654223, 0.45227072, 0.62435246, 0.55582917, 0.6505394, 0.63896346, 0.6488753, 0.7014939, 0.53691244, 0.64905465, 0.6045455, 0.99999976, 0.48691022, 0.5621959, 0.75282574, 0.5963102, 0.55845964, 0.50034356], [0.61102074, 0.6445214, 0.54311144, 0.5684625, 0.56529486, 0.68586993, 0.6391648, 0.5384301, 0.6090815, 0.32215434, 0.6705626, 0.4889298, 0.6267451, 0.5766686, 0.63624996, 0.40233472, 0.40051892, 0.5383182, 0.639637, 0.64318156, 0.51778764, 0.5747334, 0.5760031, 0.60075647, 0.50448126, 0.5399728, 0.5400466, 0.33449233, 0.639089, 0.5485019, 0.60777867, 0.59067976, 0.5993201, 0.42167258, 0.68484795, 0.48691022, 1.0, 0.70553553, 0.51564527, 0.51636684, 0.65581906, 0.6822745], [0.8392971, 0.83285046, 0.54541624, 0.7081039, 0.7070633, 0.87649137, 0.89986837, 0.69982284, 0.82813513, 0.4285401, 0.87169933, 0.5356667, 0.8519908, 0.80833566, 0.8610012, 0.54196024, 0.45189673, 0.61853063, 0.834303, 0.8673098, 0.6218411, 0.8099313, 0.5976208, 0.79818845, 0.63095486, 0.67351675, 0.7869766, 0.47213256, 0.86828536, 0.6990404, 0.79373807, 0.82625496, 0.6723741, 0.5298363, 0.84795725, 0.5621959, 0.70553553, 1.0, 0.6835333, 0.6519991, 0.86796355, 0.9087515], [0.8356029, 0.63103163, 0.5775828, 0.4926096, 0.50654644, 0.8058559, 0.71685755, 0.7177459, 0.7889539, 0.62228274, 0.7663754, 0.7340939, 0.77369237, 0.83681774, 0.81783724, 0.33852202, 0.6009475, 0.7180551, 0.79953307, 0.6994084, 0.7549932, 0.7660079, 0.7138827, 0.8180326, 0.80896115, 0.55275625, 0.7075205, 0.7403969, 0.77154934, 0.76491475, 0.8505854, 0.8483546, 0.62769973, 0.7088311, 0.75863695, 0.75282574, 0.51564527, 0.6835333, 1.0, 0.79563105, 0.73876464, 0.6882007], [0.7374271, 0.72446764, 0.49356335, 0.49583867, 0.44069675, 0.7312895, 0.7220035, 0.7016058, 0.72958267, 0.38849354, 0.7437291, 0.6018155, 0.7395319, 0.7505832, 0.7066012, 0.4192844, 0.7766986, 0.73043966, 0.71309334, 0.6905425, 0.60240674, 0.7876291, 0.8023712, 0.7519127, 0.5715057, 0.5550157, 0.70318526, 0.7665963, 0.765842, 0.680495, 0.84783113, 0.81683326, 0.58143485, 0.6255856, 0.7052459, 0.5963102, 0.51636684, 0.6519991, 0.79563105, 1.0, 0.6605259, 0.6115078], [0.82333577, 0.81597906, 0.45915598, 0.69933367, 0.69081354, 0.84757733, 0.796632, 0.6460137, 0.8737926, 0.38849124, 0.7803205, 0.55837834, 0.8373114, 0.7591978, 0.8170291, 0.40088227, 0.45816797, 0.7580638, 0.7825196, 0.8292569, 0.6003207, 0.78144914, 0.5815095, 0.85675836, 0.62773836, 0.6464118, 0.6839583, 0.46671128, 0.8173773, 0.6663834, 0.87203765, 0.83735096, 0.81204355, 0.49409074, 0.831534, 0.55845964, 0.65581906, 0.86796355, 0.73876464, 0.6605259, 1.0, 0.8300519], [0.80082625, 0.77168214, 0.57959044, 0.6366954, 0.6672432, 0.91373724, 0.8011144, 0.62545794, 0.7808454, 0.40460265, 0.82304704, 0.5144114, 0.8172618, 0.77848566, 0.8374308, 0.5357014, 0.34285575, 0.6107366, 0.80129445, 0.813285, 0.56575257, 0.8148322, 0.558321, 0.7472253, 0.6300498, 0.6702149, 0.71878135, 0.44687355, 0.8406222, 0.6730051, 0.76948583, 0.78640604, 0.6010643, 0.49715483, 0.8009509, 0.50034356, 0.6822745, 0.9087515, 0.6882007, 0.6115078, 0.8300519, 0.99999994]];
